%YAML:1.0
---
image_width: 1920
image_height: 1080
camera_matrix: !!opencv-matrix
   rows: 3
   cols: 3
   dt: d
   data: [ 1454.7595611615741, 0., 957.06108111318565, 0.,
       1455.0909965885664, 538.99339060713555, 0., 0., 1. ]
distortion_coefficients: !!opencv-matrix
   rows: 1
   cols: 5
   dt: d
   data: [ 0.069811280082941699, -0.26021860927428275,
       0.00088233699996556343, 0.00080844318881634488,
       0.24007754745159801 ]
avg_reprojection_error: 0.5705017024468011
